1409438348138237954
1409489810071379971
1408461998241763329
1408521099239997456
1408517973309112339
1408517438115880963
1408034904760270853
1408037453764628485
1408046601625550853
1405457316795801608
1404524576936185856
1404667335647105027
1404552059563675649
1404527801785622535
1404475857595514887
1403903971249606657
1403441452558995458
1403327342173429765
1403327343553306627
1403076338173546498
1403077495419817991
1402944618233217027
1403067967252877315
1402938683276337157
1403004854507917314
1402979955571445761
