1403273798607065089
1403942135930535939
1403659509369868288
1403591044491616259
1403583518375088132
1403521871212158977
1403333120477339650
1403481792561221640
1403480289322602502
1403474406979125250
1403471350560350209
1403470395517374465
1403469121132580871
1403468955210104836
1403468812956078080
1403468766084743170
1403467988368609280
1403467453427036167
1403459943756439558
1403367063071166465
1403353447366377472
1403347763283345419
1403345181391400966
1403345134687825925
1403343229941080069
1403335701446463488
1403334964045885442
1403307832594812929
1403331697144381444
1403331375449714689
1403299702691487744
1403297981525368833
1403297814185222144
1403297763715174405
1403294331864334340
1403290542562238470
1403289867258376194
1403289634080239616
1403288676143075328
1403288552327294976
1403287074795556872
1403286611920572418
1403286447810138113
1403285159001169920
1403284722021769216
1403284541905776644
1403282266688823297
1403280979855351813
1403280887471562753
1403279000504573956
1403278823744053253
1403277330605346816
1403277177156685825
1403276270222417921
1403275397048016899
1403274900018761730
1403274795865849858
1403273989385031681
1403273898033139717
