1404534079903633408
1404557211934892037
1404555967988219905
1404533199791869952
1404540238643580928
1404537953225957380
1404534013201719299
1404536187126157312
1404532027085500428
1404533355274702854
1404400212660084741
1404523858175090693
1403053513706463233
1404520731774439430
1404404388383313921
1404516869663596546
1404514530923794440
1403006909079293953
1404477459421073417
1404462105546350596
1402944618233217027
1404459765670060037
1404449085755625478
1404417561601716232
1404415129580605440
1404397212688338945
1404397921311899655
1404334830645649408
1404323485757890561
1403249801278414851
1404317778706849797
1404317686738337796
1404317422132379649
1404312450158182400
1402595115043115008
1404220572788199428
1404058932394528771
1404028836627419138
1404014840134438914
1404011660281589761
1404008156158648323
1404005928119193603
1403987619667664897
1403979841800704010
1403975369460490242
1403963190543794177
1403955436940824578
1403862279951683584
1403953060070707203
1402949567558131714
1403862108186546181
1403825378427387905
1403256687620931590
1403818145429741573
1403818071022837760
1403814620117274624
1403807092688011266
1403806065741991944
1403803186599694341
1403799569692037121
1403266652553289728
1403780637715275778
1403759786651439109
1403751310927745036
1403750984057303042
1403751295996116995
1403733984073457664
1403718355488591874
1403733106197205000
1403448368597196800
1403724959223009282
1403278141293043712
1403711437349003266
1403701312106156037
1403692285011939330
1403688475384107012
1403687851447840768
1403678315630764035
1403676651137949700
1403671608217137156
1403660264986267653
1403659753591562246
1403647306432458753
1403652054451691520
1403646545510158338
1403649913880256514
1403646080760299521
1403643876796215301
1403000435011588098
1403630010670399488
1403630004009947137
1403629760887013379
1403622708957548550
1403619921561624579
1403615989271564288
1403371186772393993
1403610863047749632
1403607327610228736
1403606508944908290
1403605539670704129
1403603112577933314
1403600272266563585
1403587492675268610
1403580168162140163
1403578221317300225
1403574770151591939
1403562897142423557
1403561346256584706
1403310265207345158
1403539998826123265
1403529381566468097
1403522155502002183
1403498068784386051
1403488870742822932
1403481573354360835
1403473101493575682
1403470988214296576
1403468453743411205
1403467779127320582
1403467571534479366
1403266213413797888
1403467230269087746
1403261896736874501
1403462412230135820
1403461800700567569
1403461686485467143
1403461609838759939
1403460653348704268
1403021062598705156
1403459040060088323
1403457222898864131
1403454293177425920
1403453785440198664
1403453543336615936
1403450767197999108
1403450504835907597
1403450286023364616
1403447077003304961
1403446453415055361
1403443815382401031
1403443150417448960
1403443138241433608
1403441625427283976
1403439533086158852
1403436828250853376
1403432824032669698
1403430601043152909
1403428788805984258
1403425209496055811
1403267949109157889
1403424892876361737
1403424883619549187
1403422939882606596
1403420715903299586
1403419218977214464
1403417747967688712
1403417664358424581
1403417143677534212
1403416627635494919
1403413921583747073
1403413710908035074
1403413338609139715
1403411040734306306
1403409748310036483
1403408171453063169
1403407985578229766
1403405814476394497
1403404327562137601
1403398685497638915
1403398174262300673
1403395804920954883
1403395767633592320
1403394989909065728
1403394462345224194
1403394220950540295
1403394182232920067
1403392770312753154
1403392150965002240
1403391884538560512
1403387229272162306
1403387053795119109
1403386848957943813
1403386806117220358
1403380248306143234
1403377007308705794
1403376909581438981
1403376447490822151
1403375041836945409
1403372179660627970
1403371974278225921
1403313626795159552
1403368880328806401
1403367320295194624
1403367809724395521
1403367775582801922
1403367627129606147
1403367417301045265
1403366118966841347
1403365622755516417
1403364454943891456
1403363518288703490
1403357213243158533
1403070203655827464
1403357060423729154
1403355638885982211
1403355358937165830
1403353675024715779
1403352444378267651
1403351607518113799
1403351041610063873
1403350920281403394
1403350673870180354
1403349701852868613
1403348830251225088
1403348213600591877
1403347697218818049
1403347492847198210
1403347100528689152
1403347027182993414
1403345864668729345
1403344741668958221
1403343827818143744
1403343035467976719
1403342896187772928
1403342746006458373
1403341743546941441
1403319368482803712
1403338646174978049
1403337780147757060
1403336185234272257
1403335046698831876
1403334745518489605
1403334500600500224
1403333228988096515
1403289455314849796
1403333044170223617
1402963165743300610
1403332031489187855
1403331221262848004
1403330352316358656
1403330057486192642
1403329287529377795
1403328945651654662
1403328688544960512
1403328623973646340
1403328264094031872
1403322000916062210
1403326695579529217
1403326220943699972
1403325221835362307
1403324682858815491
1403324206801207304
1403324191865192457
1403324025296887811
1403321480520286213
1403321339289669634
1403321329202479107
1403320811667214342
1403319919668871168
1403318780349005827
1403318562920484866
1403317461810925569
1403241160861270017
1403316808522907651
1403316197677060103
1403316120992559113
1403315036639072260
1403313966575673350
1403313647577976836
1403313293767364610
1403312718883532801
1403312018325708804
1403311369613623304
1403311333769203716
1403311194467966976
1403310456006189061
1403310336174870533
1403308343725334530
1403309578553602051
1403308872144654336
1403308622688444416
1403307616009441280
1403306169360322562
1403306107678990342
1403304906774224900
1403291162308403201
1403304618155819009
1403304277687287808
1403303550449508353
1403303168205901830
1403303119107338242
1403302494164373504
1403302250517311492
1403301559895838720
1403301458867535877
1403300597655298048
1403300349637758981
1403299606109249540
1403299069691371522
1403297535544922119
1403297950248443905
1403296765177106440
1403296435987169281
1403296076719874048
1403295227239092228
1403294691999764481
1403294454673510404
1403294377208918017
1403294310678794243
1403293872676130819
1403293804271181826
1403293390893113350
1403293381783064576
1403293367191093251
1403293032091471874
1403292802889490432
1403292700334510082
1403292068815020034
1403292070261968900
1403291728354885635
1403289944345415680
1403291608276217856
1402906016468148226
1403291579272531970
1402987662684823562
1403290983715020804
1403290285845762049
1403289832219189253
1403289798585077765
1403289453939019780
1403288028714504192
1403287614308900868
1403287966911508480
1403026489923325953
1403287794445950982
1403287406388912128
1403287230941126663
1403286757135863814
1403286682896683018
1403286114652377089
1403285794404642817
1403285615026835456
1403284386993295362
1403284119157673985
1403283390359654400
1403283284612759553
1403283088529149953
1403283063543676935
1403282673779499009
1403282174606983169
1403282129740574722
1403281432500486144
1403281415568039937
1403281221036089351
1403280613201879040
1403280139098771457
1403280135650951168
1403279396820094979
1403279002354192384
1403278730219474944
1403278709193334784
1403278350957879299
1403278210499026947
1403278181797400577
1403278118610259970
1403277903417249796
1403277672470491137
1403276315013398548
1403276296336117762
1403276096976601088
1403276032388513794
1403276033604870151
1403275841233199110
1403275762266935297
1403274817772601346
1403274364745916426
1403274211121041408
1403274020188045314
1403273598853435394
1403273535238332416
1403273169922834434
1403273158560522240
1403272964209053697
1403272896991072256
1403272039239147522
1403271993697439746
1403271918334234625
1403271502863159297
1403271084003237889
1403270956173381636
1403270615113535494
1403270593022148608
1403270367876104194
1403270227039862786
1403270007208005634
1403269758083026945
1403269563614220288
1403269497788710918
1403269342544941056
1403269106091106304
1403269054505304065
1403268389716561920
1403267151629328384
1403266693984567298
1403266657322156037
1403266211702530051
1403266100926861315
1403266016776527876
1403265832952766467
1403265482598371330
1403264738558156800
1403264590083985413
1403264582618009601
1403264424287297536
1403264211430653958
1403263701948551169
1403263565755203584
1403263564769640448
1403262922365755394
1403262787372134400
1403262433146331136
1403262373536931846
1403262193056034817
1403262118229651463
1403261025915478020
1403260834076311554
1403260823867363333
1403260665637310466
1403260533512577024
1403260427186880515
1403260380235845633
1403260349021782021
1403260286581325827
1402984627908747272
1403260191987142660
1403260090866712578
1403259701509378050
1403259494616940550
1403259258641211392
1403259140638744578
1403259040659087360
1403258672193720322
1403258578211852288
1403258207053750275
1403257958524407808
1403257873359069184
1403257575269928962
1403257330939088901
1403256792113680384
1403256208069365762
1403254960737955840
1403254950893871109
1403254775467200513
1403254311904288770
1403254241549033473
1403253896504565760
1403253713175814147
1403253605600219141
1403253597224177666
1403253466009571328
1403253066409852933
1403252264463179776
1403252078584242180
1403251640807874561
1403251293976678401
1403250916833234946
1403250590956900352
1403249296594673665
1403249293742444546
1403248734499188740
1403248510108155904
1403247907705430017
1403246878767124483
1403245963150598146
1403245797681025026
1403244819267338242
1403244442883182594
1403243951256129545
1403243172868857858
1403242326470836228
1403242197793882113
1403241949595934722
1403241841525469184
1403241822701379584
1403241640039493633
1403241338460594177
1403241025980833793
1403240973371678720
1403240656789704706
1403240408113635328
1403239935725871104
1403236455686848515
1403239871087616004
1403239622277320705
1403239452659572738
1403239046546067457
1403238946780454917
1403238805440765954
1403238606613975043
1403237048430039046
1403236739695656963
1403236352695619586
1403235755120640003
1403235566620233729
1403235320137760768
1403234899620941824
1403234662890283009
1403234512591589376
1403234488000389121
1403234389287374849
1403233660791406592
1403233631825502208
1403233000352059394
1403232778670460930
1403231559776407558
1403230569614516227
1403230405231321091
1403227708834914308
1403230287392354308
1403229648914354176
1403228862876688384
1403228717476888577
1403227408262705154
1403227241883054080
1403227035397406721
1403226429639348225
1403226230082650116
1403225921600069632
1403225624794349569
1403224925780025346
1403224419061932036
1403223799294828547
1403223787106193415
1403223297769279488
1403222250719956992
1403220212946817028
1403218972326174722
1403218590539657220
1403217485709647874
1403217342398599171
1403216723940155392
1403216451247423496
1403216237036032002
1403215778166493185
1403215141714472961
1403214751870730240
1403214413285498881
1403214118178508800
1403213982958301185
1403213435328999424
1403213332870541315
1403213312767283200
1403213282534592516
1403211477641728001
1403212502343823364
1403212343312588803
1403212293475815427
1403211424789417985
1403210429720150016
1403209319034798081
1403209061966004229
1403209056727273475
1403208710651002882
1403208643521175557
1403208597627195393
1403110826597302278
1403208254327603203
1403208185335398400
1403208140506681345
1403207692278173700
1403207525785341953
1403207509612056576
1403207365550350337
1403207005897068549
1403206632293736453
1403205978984697857
1403205689309286400
1403204061265108994
1403203943027646467
1403201392219721743
1403199781208571906
1403199287404662784
1403199184661004289
1403198462120890370
1403197906362847232
1403197808107212801
1403130643907760133
1403196044234702850
1403076843511730179
1403195542461689856
1403187958291783683
1403186075217055744
1403184921871589376
1403180582700527617
1403174933690302466
1403120300867284995
1403170151961292801
1403159335174389766
1403153407838343168
1403153145778163714
1403151959163654145
1403151710764290056
1403146757610033154
1403146745568239622
1403145507250262016
1403143132653498370
1403138866614243331
1403138843977654276
1403138290136588289
1403137165022924802
1403137052602949632
1403135492334436352
1403134978741911556
1403130199970099202
1403129479698993157
1403129134369419274
1403128050657771521
1403127600793456645
1403127059044577280
1403123966743564290
1403121452019326981
1403119485075087360
1403078711323287555
1403119129809276932
1403118580674273280
1403116669040480260
1403116664653332496
1403116597343145991
1403116305708990465
1403115801348018182
1402952106571702273
1403114492729466885
1403114148964208650
1403114307706101760
1403113320488615936
1403113084949090309
1403113075004350464
1403086902627115010
1403112379865518084
1403112059894697991
1403111253854281730
1403111190243446790
1403110534543777799
1403110203395092485
1403110146587381761
1403110127503355915
1403109489167978503
1403109298264285185
1403108882042572800
1403108016728297473
1403107983706497025
1403077846399172612
1403107949652889607
1403106519751790606
1403107589286727691
1403107399754526724
1403106678959190018
1403106593919713284
1403106209201274884
1403105995639959555
1403105805847650307
1403105489572016139
1403105025371561984
1403104142445457408
1403104114746220544
1403104061642227716
1403103786680344581
1403103475253317634
1403102951548260355
1403102895483011073
1403102258947051521
1403102026368704512
1403100741158543369
1403098746787872777
1403100709139144708
1403100612099723266
1403100338278785025
1403100323787546633
1403100242053062656
1403099452064284675
1403098631281025026
1403098569079468040
1403098565409390592
1403098528793178113
1403097197537857537
1403097032903073795
1403096761695080454
1403096482761392131
1403096379329818624
1403092637788291073
1403096184827396096
1403094284463742977
1403095948298014723
1403095673025802241
1403095102483017729
1403095092173455370
1403094616749006850
1403094298585935877
1403094001167880200
1403093171165405184
1403093135501242369
1403092578636075011
1403092533903769610
1403092197906554880
1403086103280820230
1403092099818459136
1403091983489507331
1403091857316397063
1403091465992036360
1403091112684830725
1403090696458969093
1403090539185061892
1403090529521385475
1403090450530156544
1403090314030628873
1403090312977960968
1403090297991663620
1403089856985808899
1403089811964039168
1403089765818318849
1403089650995040262
1403089518140563456
1403089392248541201
1403089350586421253
1403089232101511172
1403088790307102722
1403088512459710467
1403088244452036608
1403088142580727819
1403088021436649472
1403088002411380736
1403087553041928192
1403087480497246209
1403087316831379461
1403087266139017216
1403087174086672391
1403086847283286021
1403086778647601158
1403086363877126144
1403086150991032322
1403085669271023616
1403085522373951488
1403085485027872769
1403085159365230594
1403085039223689218
1403084918087950338
1403084747484635138
1403084696955899907
1403084695009738753
1403084673371213830
1403084625992372225
1403084167856939015
1403084096298012675
1403083834132996101
1403083651357741059
1403083630646284293
1403083122384814083
1403082967707230213
1403082953966620673
1403082487627145220
1403082368576114691
1403082190288793600
1403082169296343043
1403081961405562888
1403081361448132613
1403080967221354499
1403080579726426112
1403080560193441807
1403080002611077123
1403079934864658445
1403079728655896578
1403079500150284291
1403079109362831364
1403079016719003650
1403078949400465415
1403078264109813763
1403078248347623431
1403078063336964106
1403077825003933697
1403077764584980487
1403077682607362048
1403077473215160322
1403077469238857732
1403077385042472972
1403076780756541440
1403076776855748616
1403076557887971331
1403076525898055687
1403075815311613953
1403075779626516480
1403075691013345282
1403075577859514370
1403075231594467329
1403075179249651717
1403075135221940224
1403074862025949189
1403074461138571268
1403074440586534916
1403074285405605888
1403074230032519169
1403072919719321600
1403072560187817984
1403072131546718209
1403071840826707973
1403071475972726787
1403071176923099138
1403070690790621190
1403070606778716162
1403070519151374336
1403070514898288644
1403070001175748618
1403029078375124996
1403069681062273024
1403069528163196928
1403069344087740417
1403069140055830528
1403068940704784390
1403068839731007494
1403068103785861122
1403068054628614153
1403067933073498116
1403067562846568455
1403067284575375361
1403067173703192580
1403066873403613192
1403066337975537664
1403066031036420103
1403065453526781954
1403065184332267524
1403065160214921217
1403064706764521473
1403064379025788929
1403064250982191108
1403063769895510019
1403063578261864452
1403063403472695303
1403063199705010179
1403062784154386434
1403062407333830658
1403062181755752456
1403062160872427527
1403061496154890240
1403061269029134345
1403060535931850755
1403060363109806080
1403060147853856768
1403060075594457091
1403058942062833673
1403058941253279754
1403058778346606592
1403058666887077889
1403058555608051715
1403058434627489797
1403058410715815942
1403058202795810816
1403058145858043905
1403058015482351626
1403057971530194944
1403057848536473607
1403057481081892865
1403057471003009025
1403057177913397254
1403057017883930629
1403056932869611524
1403056531755634692
1403056233465225220
1403055859845025800
1403055764449677317
1403055691515011072
1403055327520698371
1403054617496334340
1403054492002697217
1403054364655239169
1403054336628908037
1403054226738225156
1403053954230013956
1403053343145091074
1403053143366279172
1403052891716395009
1403052552049106947
1403052499477708810
1403052184191836162
1403051702140518405
1403052107851251717
1403051801704906755
1403051762144223239
1403051483445219339
1403051404789440526
1403051023170781192
1403050851703439368
1403050272151293954
1403050229264433159
1403038854337208322
1403049789986643969
1403049778846617600
1403049772794191873
1403049665625530371
1403049506015490049
1403049297759899651
1403049191342067717
1403049147821854722
1403049014803709954
1403048976459440130
1403048412946309120
1403048375155560450
1403047323022893059
1403047184422080515
1403047106449924099
1403047050112077826
1403046844821868557
1403046839679602688
1403046563698679813
1403046509713756164
1403046504353480705
1403046140568813581
1403045797558722564
1403045237052919818
1403044774102380554
1403044571441926148
1403042795988869129
1403044103986855936
1403043911526981638
1403043858649387011
1403043143117905921
1403043003221041157
1403042859104800777
1403042799784714240
1403042745875415049
1403041920818073606
1403041573403873284
1403041555695419395
1403041035073249289
1403040996938616834
1403040883591745536
1403040025328209921
1403039702136066051
1403039625975848964
1403039454332440586
1403039401320583179
1403039109644533762
1403038871575744523
1403038536195055621
1403038145499783168
1403038061211095044
1403037870785499138
1403037318882152449
1403036424929169411
1403036379085479936
1403036054060478473
1403035558125973508
1403035468988620813
1403033518880526341
1403035412487184388
1403034456164818951
1403034359750352898
1403034269568602115
1403034144486182912
1403034065780027397
1403033295227662341
1403033115178713101
1403032512645959681
1403031761072836608
1403031299724656640
1402999328986124300
1403030779442216963
1403030712404566026
1403030696571068420
1403030443801337857
1403030017089675267
1403029903579156489
1403029597659226116
1403029290149634053
1403028389313794049
1403028241074384896
1403028027488063490
1403027493775347721
1403027419691356171
1403027349801734146
1403027230855413761
1403026920380510211
1403026842982944771
1403025419075457027
1403025300204699648
1403024891985661954
1403024313184309251
1403023069136949257
1403024226769121284
1403024095877476357
1403024066420826113
1403023802569744392
1403023793841377282
1403023475644813315
1403022311066947585
1403010842216570889
1403022243555389446
1403022114618216450
1403022046804709377
1403021898901082117
1403020986107285511
1403021193704321027
1403021111810527235
1403021090042097667
1403020765201641477
1403004573023838221
1403020986778333187
1403020077725884420
1403019984964665354
1403019808275320839
1403019805041496066
1403019761840164865
1403019666017210369
1403019627383373824
1403019071034101766
1403018860039753735
1403018269192228872
1403018243477024769
1403016235474956293
1403017975062540288
1403017796334804995
1403017290229112832
1403017130019373056
1403017122809364489
1403016976776187911
1403016837865132038
1403016822455255040
1403016502752727042
1403016302986416129
1402935778418827265
1403016079979552768
1403016038594273287
1403015824676429829
1403003229286191117
1403015791600037895
1403015788613849088
1403015382546386956
1403014973782122498
1403014926323662852
1403013420149088259
1403014529651466245
1403013669047443456
1403013386905006088
1403013106863902720
1403013030993182724
1403012799211741188
1403012620756660224
1403012550342684677
1403012541966585863
1403012516406497280
1403012194703450126
1403012175757709317
1403011830650396673
1403011432443174914
1403011429695897601
1403011171947618314
1403011121972494347
1403010731734360065
1403010415920095235
1403009852142673920
1403009400047116292
1403009193402114057
1403008705482870784
1403008353090117636
1403008349311049728
1403007806051995650
1403007765287563267
1403007385837334530
1403006882684440581
1403006659010564098
1403006543663144962
1403006430232252416
1403006326226173954
1403005945643507716
1403005839233912832
1403005447603425284
1403005436115050496
1403004954458005506
1403004841710866438
1403004773717090315
1403004765097717761
1403004588391764050
1403004063269068800
1403003901817737218
1403003834624987150
1403003747773517833
1403003339097337863
1403003243127402521
1403003014022000643
1403002985873956866
1403002924658085899
1403002821805441036
1403002778683789323
1403002739496419328
1403002708869599243
1403002679765331969
1403002201925066767
1403002164180512790
1403001877189468171
1403001801104715788
1403001715020820493
1403001294319603722
1403001157522366470
1403000979902009357
1403000804831727627
1402938683276337157
1402999976146259971
1402999907129040903
1402999905505873920
1402999789743050752
1402999567818260491
1402999420824678405
1402999229556019212
1402999141739876361
1402997948615520256
1402999109858983940
1402998902253449218
1402998709017747460
1402998598183178244
1402998476984573960
1402998455614590986
1402981032094142472
1402998281433534471
1402998217889914883
1402997977384325121
1402997913408602117
1402997898866921485
1402971649725566977
1402997627633823755
1402997336570089496
1402997227392409603
1402997189610139648
1402997168508604422
1402997051160363011
1402996786717892608
1402996039511023625
1402995484914962439
1402995453000491027
1402995334251311107
1402995302840160271
1402995133549744133
1402995062896660489
1402995004717502471
1402994799758639110
1402994158768324615
1402994088333377537
1402993939104210961
1402993907684634626
1402993797689053186
1402993702541291527
1402993660019441668
1402993584878473216
1402993487612563467
1402993343756308493
1402993219630075920
1402993215284809731
1402993146456248335
1402993108778831874
1402993071151742985
1402993070073802764
1402993045419659274
1402992923680014352
1402992676769656837
1402992484708282375
1402992468912529417
1402992406337708042
1402992385626230786
1402992365602676743
1402992324813090832
1402992286309384207
1402992281989255173
1402992235377946637
1402992223734493194
1402991710112673793
1402991700184768512
1402991572170383370
1402991562179506176
1402991121043660802
1402991045504167942
1402990832622260245
1402990458507124743
1402988188398800901
1402990376055558146
1402989764949676043
1402989060344324106
1402989627120656384
1402989569566408722
1402989355359105031
1402989104103448585
1402989042057109513
1402988982305136644
1402988820312645639
1402988698724044803
1402988532897968136
1402988400148238349
1402987436901158917
1402987148387651585
1402986553048109057
1402986172998062089
1402986171999801351
1402985974821425152
1402984720925822994
1402984698393944071
1402984361314578434
1402984063619637248
1402983961442152454
1402983604716666892
1402983378790408193
1402983296271675401
1402982746163531781
1402982273566183432
1402982155437764615
1402982087758540800
1402982051020640263
1402982043839909889
1402981849391976459
1402981353814073345
1402981223262158857
1402981177930121217
1402981087530283009
1402981033457307656
1402980826363535372
1402980417083379722
1402979905730539521
1402979688075649024
1402979684292304903
1402979592936296450
1402979525546418180
1402979523776237574
1402979420185382918
1402979395027959810
1402979043578847244
1402979029121077250
1402979006039867393
1402978997043032066
1402978947525185541
1402978634894282752
1402978451481513984
1402978370376318979
1402978327560921090
1402978189425713155
1402978185709379596
1402978145024856069
1402977059576627201
1402977055508152321
1402977020477313026
1402976766776561666
1402976409417621516
1402976386281791492
1402976224012550149
1402976128537669640
1402975220328239106
1402976088754688008
1402976068303306756
1402975702350245890
1402975682616037384
1402975508615344132
1402975203597160452
1402975114937966600
1402974596123357197
1402974255655133184
1402974154882695172
1402973442148868097
1402973291950792709
1402973164758605825
1402972542894317570
1402972271510233088
1402971526715039744
1402971269478428677
1402709290348056579
1402971022484283401
1402970845006417921
1402970640886505475
1402970619105382405
1402969640154943489
1402969561801146369
1402969360801714176
1402968863826919428
1402968810563452928
1402968091001294854
1402968029323988997
1402967995710910467
1402967912059748357
1402967340950634498
1402966908211765248
1402966763357282306
1402966633698803715
1402966137827102725
1402966067727773696
1402966053060239366
1402965604286488578
1402965380725936130
1402965116841304067
1402965097484636164
1402964762636558341
1402964240433025027
1402964189094854662
1402964136791883780
1402963992327430145
1402963519264468995
1402963495285579776
1402963451258064903
1402963434195587076
1402963186836508673
1402962978434174976
1402962604578988035
1402962569992847370
1402962488744837128
1402962290106904580
1402961853718859778
1402740642351026178
1402961769623130113
1402961458519027712
1402961102552567814
1402960853134106629
1402960625370906631
1402960328678428674
1402960221774004224
1402959808634966019
1402959508981358592
1402959403914039301
1402959321110126593
1402958965743439878
1402958394399539201
1402958207413362694
1402958096637599744
1402957741581291521
1402957453499772933
1402957065400762378
1402956926829334529
1402956887432347649
1402956811674738690
1402956510183952389
1402956292818341890
1402955863741108228
1402955364270759936
1402955185329258498
1402955095323643914
1402955093188747275
1402954890796843010
1402954670167969804
1402954573464190977
1402954279510499334
1402953934449356804
1402953729977036805
1402953721982640128
1402953683155947526
1402953628495843332
1402953576192917511
1402953447117365249
1402953428960256000
1402953338010939394
1402953157962051587
1402953120573968388
1402953086533001226
1402952916684705801
1402952838150606850
1402952820970643457
1402952773994528771
1402952773331730435
1402952687109476357
1402952421161189378
1402952205150396417
1402952204835868673
1402952132681158657
1402952065673056257
1402951983506628620
1402951975411531777
1402951879030681600
1402951464297930754
1402951299637854212
1402950955340079108
1402950807214043140
1402950797042892802
1402950549260148743
1402950283701936133
1402950180798926854
1402950067112267776
1402950060950933508
1402949821913260040
1402949421789294593
1402949120294330368
1402948621818023942
1402948288614121474
1402947298263453705
1402947247571091464
1402947224028524544
1402946400434982915
1402946143886188545
1402946095907590145
1402945638543859712
1402945589105643526
1402945397153308672
1402944891576098822
1402915905064083461
1402941897333739520
1402941620706811907
1402940781908967424
1402938012003147776
1402937882168512517
1402937367539990529
1402936855532802049
1402933294254243842
1402933181230223361
1402933013957259266
1402931751341768706
1402930736953430017
1402931669632434180
1402930965182390273
1402928734785748997
1402925070574669827
1402922635974131715
1402919030399320069
1402918253572333571
1402917326954061825
1402916109364432897
1402915130577408002
1402914916517003266
1402912827564867585
1402912510773170177
1402911660013199364
1402910196524097538
1402909802326642690
1402909606473613312
1402908244855738369
1402908106011594760
1402906681584017408
1402904081535062019
1402902574945214468
1402902024996495360
1402902006931595265
1402900552388857857
1402900382582464513
1402899982395510784
1402895082987085826
1402894758360535040
1402894324422021120
1402893745834672129
1402889611261759489
1402887452583501835
1402883670495662080
1402883084190687233
1402882401001426945
1402879270087704576
1402876102071230470
1402875968985968642
1402875266477826048
1402868542253539329
1402868389446664192
1402862702830264323
1402759155308498946
1402755785499807744
1402753908393627648
1402741611625422850
1402740364017078273
1402734490871554049
1402734255495602177
1402729054726393859
1402728188548112391
1402719425120382978
1402718880322174976
1402717760250126336
1402715670417137667
1402714449409159170
1402711922932436998
1402710040398766084
1402708239691694080
1402708956787707912
1402697842586685447
1402696611105579010
1402689722342903810
1402681612303843334
1402595441376628737
1402595315514056707
1402590778241830913
